[1362574585headbanner.jpg]
filters=finetune2=1,0.000000,0.000000,0.000000,00000000,1.000000;
moddate=8082dd82f748ce01
width=940
height=250
textactive=0
